7703,2
0,273
0,270
10,221
10,245
10,269
10,131
10,157
10,6
10,176
10,2
11,22
11,23
9,7
9,4
9,1
9,6
9,2
9,3
8,18
8,10
8,16
9842,3
9842,2
9842,1
9842,0
7717,13
7717,10
7717,6
7717,4
7717,3
7717,1
7713,6
7713,1
7709,7
7709,6
7709,4
7709,3
7709,1
7705,3
7705,1
7703,3
7703,1
7701,3
7701,1
7699,3
7699,1
20,3
20,2
20,1
19,3
19,2
19,1
18,3
18,1
14,6
14,5
14,4
14,3
14,2
14,1
14,0
13,3
13,1
12,3
12,2
12,1
11,30
11,29
11,27
11,26
11,25
11,24
11,21
11,20
11,19
11,18
11,17
11,16
11,15
11,14
11,13
11,12
11,11
11,10
11,9
11,8
11,7
11,6
11,5
11,4
11,3
11,2
11,1
10,314
10,313
10,308
10,299
10,294
10,291
10,289
10,278
10,272
10,267
10,262
10,259
10,255
10,247
10,240
10,234
10,231
10,224
10,218
10,217
10,210
10,207
10,205
10,193
10,187
